%YAML:1.0

imu0:
  T_i_b:
    - [1.0, 0.0, 0.0, 0.0]
    - [0.0, 1.0, 0.0, 0.0]
    - [0.0, 0.0, 1.0, 0.0]
    - [0.0, 0.0, 0.0, 1.0]
  # Values from allan plots of ~20hour dataset
  # Inflated values (to account for unmodelled effects)
  #  - white noise multiplied by 5
  #  - bias random walk multiplied by 10
  #Accelerometer whitenoise x5x5=x25 randomx10
  accelerometer_noise_density: 0.045575688
  accelerometer_random_walk: 0.0014619180459647332 

  #Gyroscope whitenoise x5x5=x25 randomx10
  gyroscope_noise_density: 0.002199655
  gyroscope_random_walk: 0.000126170484

  rostopic: /imsee/imu
  time_offset: 0.02417
  update_rate: 1000
  # three different modes supported:
  # "calibrated" (same as "kalibr"), "kalibr", "rpng"
  model: "kalibr"
  # how to get from Kalibr imu.yaml result file:
  #   - Tw is imu0:gyroscopes:M:
  #   - R_IMUtoGYRO: is imu0:gyroscopes:M:
  #   - Ta is imu0:accelerometers:M:
  #   - R_IMUtoACC not used by Kalibr
  #   - Tg is imu0:gyroscopes:A:
  Tw:
    - [1.002221344782801, 0.0, 0.0]
    - [0.002192858089585593, 1.0005746280946846, 0.0]
    - [-0.002579458637235949, -0.0008854913805410211, 0.9984487874916831]
  R_IMUtoGYRO:
    - [0.9999940106661925, 0.0019789055470138227, -0.0028394655447381355]
    - [-0.0019781684679701077, 0.9999980090041, 0.0002623687276455639]
    - [0.0028399790943043767, -0.0002567502150251847, 0.9999959342907709]
  Ta:
    - [0.9965995628233646, 0.0, 0.0]
    - [-0.002574558146787378, 1.0016533022286316, 0.0]
    - [0.00211596450608079, -0.006694942061103869, 0.9985842167318433]
  R_IMUtoACC:
    - [ 1.0, 0.0, 0.0 ]
    - [ 0.0, 1.0, 0.0 ]
    - [ 0.0, 0.0, 1.0 ]
  Tg:
    - [-2.5352375102404626e-05, -0.001519267614586136, -6.906380836148364e-05]
    - [0.0004335848803572395, 0.0007674955939447712, -0.0001484281263940158]
    - [0.0002081357056220728, 0.00021745812863551453, -4.8087738052641994e-05]


# camera-imu timeoffset = 0.04671

# Tw:
# 1.00319,0.00000,0.00000,
# 0.00119,1.00241,0.00000,
# -0.00162,-0.00242,1.00338

# Ta:
# 1.00241,-0.00000,-0.00000,
# 0.00113,0.99980,0.00000,
# 0.00194,-0.00154,0.99891

# R_IMUtoACC:
# 1.00000,0.00000,0.00000,
# 0.00000,1.00000,0.00000,
# 0.00000,0.00000,1.00000

# R_IMUtoGYRO:
# 1.00000,-0.00127,-0.00190,
# 0.00127,1.00000,0.00066,
# 0.00190,-0.00066,1.00000

# Tg:
# -0.000024,-0.000252,-0.000046,
# 0.000514,0.000225,-0.000121,
# 0.000170,0.000026,-0.000077
