%YAML:1.0

cam0:
  T_cam_imu:
    - [-0.999983884979239, -0.005604422736351089, -0.0009056641877285517, 0.061283122248331406]
    - [0.005599534505323184, -0.9999702098376989, 0.005312687688201346, -0.000597678851123542]
    - [-0.000935411755516297, 0.005307530776259531, 0.9999854774555015, -0.007200405289848781]
    - [0.0, 0.0, 0.0, 1.0]
  cam_overlaps: [1]
  camera_model: pinhole
  distortion_coeffs: [0.5454035834561285, 0.2782440619465333, -0.6610214340687635, 0.27006176527197107]
  distortion_model: equidistant
  intrinsics: [245.50490607422216, 245.98616543785275, 305.5844443745605, 193.61895898897023]
  resolution: [640, 400]
  rostopic: /imsee/image/left
  timeshift_cam_imu: 0.02348 #0.046514717511012355
cam1:
  T_cam_imu:
    - [-0.9999905095336024, 0.001416915856481473, 0.004119853417549861, -0.058987390293623584]
    - [-0.001427881617241297, -0.9999954428593161, -0.002659965166607396, -0.0004203337202708147]
    - [0.0041160656959759855, -0.0026658225852580117, 0.9999879756242724, -0.0074933628851858265]
    - [0.0, 0.0, 0.0, 1.0]
  T_cn_cnm1:
    - [0.9999627224666351, -0.006994467514928615, 0.005062716789333361, -0.12023595489087857]
    - [0.007034664838299585, 0.9999435257961914, -0.00796609746898971, -0.00031115397820123686]
    - [-0.005006712266465993, 0.008001415028309748, 0.9999554541027398, 1.8330892578252604e-05]
    - [0.0, 0.0, 0.0, 1.0]
  cam_overlaps: [0]
  camera_model: pinhole
  distortion_coeffs: [0.6190487160348704, 0.0714803200436175, -0.4088344412606369, 0.16570705826353105]
  distortion_model: equidistant
  intrinsics: [241.95961897697242, 242.42788582349652, 327.3637312072283, 205.33771803485018]
  resolution: [640, 400]
  rostopic: /imsee/image/right
  timeshift_cam_imu: 0.02348 #0.046535434829582806
